"exp" "treat" "var" "n" "RMSD" "RMSD_mean" "R2"
"1" 1 1 "LightInt" 42 0.2 29.7 67
"2" 1 1 "AboveDM" 24 2438.8 21.1 88.9
"3" 1 1 "LAI" 6 1.5 79.4 53.8
"4" 1 1 "LeafDM" 24 457.4 30.4 53.4
"5" 1 1 "LeafLigules" 36 2.9 46.3 67.2
"6" 1 1 "StemDM" 24 2083.7 56.5 61.9
"7" 1 1 "stage_code" 44 0.7 13.3 85.5
"8" 1 1 "GrainDM" 14 1518.5 19.4 86.5
"9" 1 2 "LightInt" 21 0.2 29.7 67.7
"10" 1 2 "AboveDM" 12 3004.7 24.6 83
"11" 1 2 "LAI" 3 1.5 82.7 52
"12" 1 2 "LeafDM" 12 463.6 29.1 53.6
"13" 1 2 "LeafLigules" 18 2.8 44.2 68
"14" 1 2 "StemDM" 12 2877.1 73.3 56.6
"15" 1 2 "stage_code" 22 0.7 13.2 85.9
"16" 1 2 "GrainDM" 7 835.4 10.4 95.6
"17" 10 1 "LAI" 1 2.6 36.8 NA
"18" 10 1 "LeafLigules" 2 5.8 31 68.9
"19" 10 1 "stage_code" 6 1.2 25.5 71.5
"20" 10 1 "GrainDM" 2 1470.3 18.1 85.1
"21" 10 2 "LAI" 1 2.7 40.5 NA
"22" 10 2 "LeafLigules" 2 6.7 36.2 NA
"23" 10 2 "stage_code" 8 1.4 27.2 71.9
"24" 10 2 "GrainDM" 1 1628.7 23.3 NA
"25" 10 10 "LAI" 1 3.5 47.7 NA
"26" 10 10 "LeafLigules" 2 6.8 35.6 NA
"27" 10 10 "stage_code" 8 0.5 9.6 95.4
"28" 10 10 "GrainDM" 1 1723.1 24 NA
"29" 10 3 "LAI" 1 2.5 37.9 NA
"30" 10 3 "LeafLigules" 2 6.2 32.8 NA
"31" 10 3 "stage_code" 8 0.5 9.6 95.9
"32" 10 3 "GrainDM" 2 2279.6 23.4 NA
"33" 10 4 "LAI" 1 2.5 39.6 NA
"34" 10 4 "LeafLigules" 2 6.9 35.9 NA
"35" 10 4 "stage_code" 9 0.4 7.4 97.7
"36" 10 4 "GrainDM" 1 2525.1 39.7 NA
"37" 10 5 "LAI" 1 2.8 42.9 NA
"38" 10 5 "LeafLigules" 1 5.2 31.1 NA
"39" 10 5 "stage_code" 6 1.2 25.3 71.3
"40" 10 5 "GrainDM" 2 131.8 1.8 98.8
"41" 10 6 "LAI" 1 2.9 48.3 NA
"42" 10 6 "LeafLigules" 2 6 36.1 64
"43" 10 6 "stage_code" 9 1.5 27.5 70.8
"44" 10 6 "GrainDM" 1 1618.1 23.2 NA
"45" 10 7 "LAI" 1 4.4 48.8 NA
"46" 10 7 "LeafLigules" 2 7 32.6 NA
"47" 10 7 "stage_code" 6 0.6 12.4 97.9
"48" 10 7 "GrainDM" 1 67.5 0.8 NA
"49" 10 8 "LAI" 1 6.1 55.5 NA
"50" 10 8 "LeafLigules" 1 7.2 32.9 NA
"51" 10 8 "stage_code" 6 0.8 17 82.5
"52" 10 8 "GrainDM" 1 643.7 10.2 NA
"53" 10 9 "LAI" 1 3.1 43.4 NA
"54" 10 9 "LeafLigules" 2 5.8 31.4 NA
"55" 10 9 "stage_code" 8 0.6 11.2 95.9
"56" 10 9 "GrainDM" 1 471.3 4.8 NA
"57" 15 1 "LightInt" 7 0.1 16.2 91.9
"58" 15 1 "AboveDM" 6 5950.3 62.5 58
"59" 15 1 "LAI" 5 1.7 137.8 39.4
"60" 15 1 "LeafDM" 6 647.7 41 54.6
"61" 15 1 "LeafLigules" 19 1.8 25.3 82.4
"62" 15 1 "StemDM" 6 1107.1 39.3 72.9
"63" 15 1 "stage_code" 8 1 21.4 78.8
"64" 15 2 "LightInt" 4 0.2 27.3 83.5
"65" 15 2 "AboveDM" 7 7859.4 53.9 55.6
"66" 15 2 "LAI" 6 0.8 21.6 81.1
"67" 15 2 "LeafDM" 7 1167.4 54.8 10.6
"68" 15 2 "LeafLigules" 13 1.2 15.9 89.5
"69" 15 2 "StemDM" 7 1286.1 26.3 79.5
"70" 15 2 "stage_code" 9 1.2 27.2 80.3
"71" 15 3 "LightInt" 3 0.2 32.8 70.1
"72" 15 3 "AboveDM" 3 7257.8 39.5 65.9
"73" 15 3 "LAI" 3 0.7 17.8 84.4
"74" 15 3 "LeafDM" 3 1184.5 44.6 40
"75" 15 3 "LeafLigules" 10 0.8 11.3 90.6
"76" 15 3 "StemDM" 3 952.8 20.5 86
"77" 15 3 "stage_code" 6 1 24 81.8
"78" 15 4 "LightInt" 7 0.2 32.6 82.8
"79" 15 4 "AboveDM" 5 12345.1 88.2 41
"80" 15 4 "LAI" 4 1.2 60.8 62.8
"81" 15 4 "LeafDM" 5 1654.1 81.5 31.8
"82" 15 4 "LeafLigules" 21 1.4 18.4 90.9
"83" 15 4 "StemDM" 5 2021.3 46.9 68.3
"84" 15 4 "stage_code" 9 1.2 24.8 79.1
"85" 15 5 "LightInt" 4 0.3 39.9 48.2
"86" 15 5 "AboveDM" 6 10593.1 74.1 46.3
"87" 15 5 "LAI" 5 2 49.1 59.6
"88" 15 5 "LeafDM" 6 1816.3 67.4 26.2
"89" 15 5 "LeafLigules" 15 1.6 19.4 83.8
"90" 15 5 "StemDM" 6 2010.9 43.4 68
"91" 15 5 "stage_code" 7 0.9 23.6 84.5
"92" 15 6 "LightInt" 3 0.3 48.6 43.7
"93" 15 6 "AboveDM" 3 10138 49.8 55.8
"94" 15 6 "LAI" 3 2 43.2 61.5
"95" 15 6 "LeafDM" 3 1958.5 55.2 36.6
"96" 15 6 "LeafLigules" 15 1.7 17.4 84.3
"97" 15 6 "StemDM" 3 1218.8 24.2 82
"98" 15 6 "stage_code" 6 0.9 22.7 84.3
"99" 15 7 "LightInt" 6 0.2 31.2 81.5
"100" 15 7 "AboveDM" 6 11011.2 88.4 44
"101" 15 7 "LAI" 5 1.3 62 58
"102" 15 7 "LeafDM" 6 2071.6 89.7 24.9
"103" 15 7 "LeafLigules" 21 0.9 10.9 95.8
"104" 15 7 "StemDM" 6 1037.5 30 80.8
"105" 15 7 "stage_code" 7 1.1 24.9 80.6
"106" 15 8 "LightInt" 5 0.4 54.3 42
"107" 15 8 "AboveDM" 6 4515.9 42.8 70.6
"108" 15 8 "LAI" 5 2.5 60.3 51.8
"109" 15 8 "LeafDM" 6 2883.2 90.9 17.5
"110" 15 8 "LeafLigules" 17 1.7 17.8 83.8
"111" 15 8 "StemDM" 6 829.3 22.2 90.6
"112" 15 8 "stage_code" 6 0.7 21 90.1
"113" 15 9 "LightInt" 3 0.4 63.8 41
"114" 15 9 "AboveDM" 3 11746.5 55.4 49.2
"115" 15 9 "LAI" 5 3.5 55.8 41.2
"116" 15 9 "LeafDM" 3 2653.2 63.6 38.9
"117" 15 9 "LeafLigules" 15 2.9 27.6 74.8
"118" 15 9 "StemDM" 3 914.7 15.4 91.4
"119" 15 9 "stage_code" 7 1 23.4 82.5
"120" 18 1 "AboveDM" 7 1329 10 96
"121" 18 1 "LAI" 6 0.7 18.7 75.4
"122" 18 1 "LeafDM" 6 528.3 27.7 56.3
"123" 18 1 "StemDM" 6 1002.7 19.1 84.5
"124" 18 2 "AboveDM" 7 2542.3 21.8 85.1
"125" 18 2 "LAI" 6 1 34.8 53.3
"126" 18 2 "LeafDM" 6 558.7 39.5 44.7
"127" 18 2 "StemDM" 6 1211.8 30.1 78.6
"128" 18 10 "AboveDM" 7 1638.9 12.5 93.8
"129" 18 10 "LAI" 6 0.7 19.7 72.9
"130" 18 10 "LeafDM" 6 524.6 28.6 54
"131" 18 10 "StemDM" 6 1124.4 21.1 81.6
"132" 18 3 "AboveDM" 7 4614 49.4 68.5
"133" 18 3 "LAI" 6 1.1 43.9 53
"134" 18 3 "LeafDM" 6 690 65.1 46.7
"135" 18 3 "StemDM" 6 1998.1 65.5 59.8
"136" 18 4 "AboveDM" 7 4098.5 43.8 71.4
"137" 18 4 "LAI" 6 1.2 51.3 42.1
"138" 18 4 "LeafDM" 6 650.5 55.4 38.2
"139" 18 4 "StemDM" 6 1826.9 58.3 62.2
"140" 18 5 "AboveDM" 7 2345.7 18.6 90.7
"141" 18 5 "LAI" 6 1 28.3 59.7
"142" 18 5 "LeafDM" 6 516.8 31.6 53.2
"143" 18 5 "StemDM" 6 1066.8 23.8 85.3
"144" 18 6 "AboveDM" 7 2133 17.5 87.6
"145" 18 6 "LAI" 6 0.8 22.9 70
"146" 18 6 "LeafDM" 6 481.4 28 55.7
"147" 18 6 "StemDM" 6 1229.9 23.3 80.3
"148" 18 7 "AboveDM" 7 2559.4 21.6 84.8
"149" 18 7 "LAI" 6 1 31.4 55
"150" 18 7 "LeafDM" 6 548.3 34.7 51.2
"151" 18 7 "StemDM" 6 938.8 19.7 90.5
"152" 18 8 "AboveDM" 7 2844.5 20.4 84.7
"153" 18 8 "LAI" 6 1 27.7 55.8
"154" 18 8 "LeafDM" 6 699.6 37.1 42.6
"155" 18 8 "StemDM" 6 2257.3 39.2 60.3
"156" 18 9 "AboveDM" 7 1790.7 14.2 91
"157" 18 9 "LAI" 6 0.6 17.5 77.1
"158" 18 9 "LeafDM" 6 501 28.8 54
"159" 18 9 "StemDM" 6 942.8 19.4 88.7
"160" 2 1 "LightInt" 1 0.2 29.4 NA
"161" 2 1 "AboveDM" 1 549.7 2.1 NA
"162" 2 1 "LeafDM" 1 3101.3 99.9 NA
"163" 2 1 "LeafLigules" 2 3.1 138.7 46.1
"164" 2 1 "StemDM" 1 579.7 7 NA
"165" 2 1 "GrainDM" 1 90.5 0.7 NA
"166" 2 2 "LightInt" 1 0.1 13.3 NA
"167" 2 2 "AboveDM" 1 2524.4 9.4 NA
"168" 2 2 "LeafDM" 1 811.6 32 NA
"169" 2 2 "LeafLigules" 2 3.8 116.4 87.5
"170" 2 2 "StemDM" 1 1928.6 28.8 NA
"171" 2 2 "GrainDM" 1 4018.1 26.8 NA
"172" 2 3 "LightInt" 4 0.2 33.2 69.3
"173" 2 3 "AboveDM" 7 2206.8 17 84.6
"174" 2 3 "LeafDM" 1 1921.6 51.8 NA
"175" 2 3 "LeafLigules" 6 1.6 12.1 88
"176" 2 3 "StemDM" 1 3891.8 33.4 NA
"177" 2 3 "stage_code" 14 0.8 12.8 79.8
"178" 2 3 "GrainDM" 2 2120.7 64.3 60.9
"179" 2 4 "LightInt" 4 0.4 54.1 44.9
"180" 2 4 "AboveDM" 7 4452.8 29.5 73.2
"181" 2 4 "LeafDM" 1 1598.6 47.2 NA
"182" 2 4 "LeafLigules" 6 1 6.6 93.8
"183" 2 4 "StemDM" 1 41.8 0.5 NA
"184" 2 4 "stage_code" 6 1.6 24.4 NA
"185" 2 4 "GrainDM" 3 3779.5 48.9 54.6
"186" 2 5 "LightInt" 1 0.2 31.2 NA
"187" 2 5 "AboveDM" 1 4435.6 20.1 NA
"188" 2 5 "LeafDM" 1 475.1 24.9 NA
"189" 2 5 "LeafLigules" 2 4.4 240.4 40.8
"190" 2 5 "StemDM" 1 1240.6 21.1 NA
"191" 2 5 "GrainDM" 1 3372.9 27.6 NA
"192" 2 6 "LightInt" 1 0.2 30.8 NA
"193" 2 6 "AboveDM" 1 2500.9 11.5 NA
"194" 2 6 "LeafDM" 1 77.6 4.7 NA
"195" 2 6 "LeafLigules" 2 4.9 176.9 87.9
"196" 2 6 "StemDM" 1 1479.6 26.3 NA
"197" 2 6 "GrainDM" 1 857.3 6.9 NA
"198" 2 7 "LightInt" 4 0 0 97.2
"199" 2 7 "AboveDM" 7 1800.4 12.6 91.1
"200" 2 7 "LeafDM" 1 842.2 31.3 NA
"201" 2 7 "LeafLigules" 6 2.4 18.8 71.8
"202" 2 7 "StemDM" 1 746.8 10.6 NA
"203" 2 7 "stage_code" 9 0.8 12.3 57
"204" 2 7 "GrainDM" 3 671.8 7.8 95.6
"205" 2 8 "LightInt" 4 0.1 13.4 86.4
"206" 2 8 "AboveDM" 6 2928.4 20.6 81
"207" 2 8 "LeafDM" 1 597.1 23.1 NA
"208" 2 8 "LeafLigules" 6 1.3 8.5 89.5
"209" 2 8 "StemDM" 1 67 0.9 NA
"210" 2 8 "stage_code" 7 1.1 16.7 57.6
"211" 2 8 "GrainDM" 3 3282.7 40.2 63.5
"212" 22 1 "AboveDM" 3 1998.6 15.6 90.8
"213" 22 1 "LAI" 5 1.8 90.1 45.8
"214" 22 1 "LeafDM" 3 441.9 21.1 29.8
"215" 22 1 "StemDM" 3 760.1 14.4 0
"216" 22 2 "AboveDM" 3 2950.3 26.3 90.9
"217" 22 2 "LAI" 5 1.8 89.1 46.8
"218" 22 2 "LeafDM" 3 440.7 20.9 79.1
"219" 22 2 "StemDM" 3 1252.4 26.4 2.4
"220" 22 3 "AboveDM" 3 1827 14.4 91.5
"221" 22 3 "LAI" 5 1.6 70.7 52.5
"222" 22 3 "LeafDM" 3 570.1 25.5 72
"223" 22 3 "StemDM" 3 709 13.2 14.7
"224" 22 4 "AboveDM" 3 2021.1 16.3 92
"225" 22 4 "LAI" 5 1.9 98.1 36.7
"226" 22 4 "LeafDM" 3 476.8 22.3 53.1
"227" 22 4 "StemDM" 3 735.1 14.1 1.1
"228" 23 1 "LightInt" 16 0.1 13.5 90.7
"229" 23 1 "AboveDM" 5 2640.6 21.6 80.6
"230" 23 1 "LAI" 5 0.8 27.4 71.2
"231" 23 1 "LeafDM" 5 229.6 14.5 90.8
"232" 23 1 "LeafLigules" 13 1.9 23.7 83.6
"233" 23 1 "StemDM" 5 886.5 22.2 81.2
"234" 23 1 "stage_code" 15 0.6 12.3 85.5
"235" 23 1 "GrainDM" 5 2422.2 53.9 61.5
"236" 23 2 "LightInt" 16 0.2 41.8 42.5
"237" 23 2 "AboveDM" 5 2044.4 35.9 74.9
"238" 23 2 "LAI" 5 0.5 37.3 68.3
"239" 23 2 "LeafDM" 5 232.9 33.6 74.6
"240" 23 2 "LeafLigules" 13 2.1 26.2 81.8
"241" 23 2 "StemDM" 5 2481.8 126.5 28.1
"242" 23 2 "stage_code" 15 0.6 12.3 84.6
"243" 23 2 "GrainDM" 5 1034.1 64.5 48.9
"244" 23 3 "LightInt" 16 0.1 13 89.2
"245" 23 3 "AboveDM" 5 2915.3 18.4 83.7
"246" 23 3 "LAI" 5 0.9 26 71.4
"247" 23 3 "LeafDM" 5 524.1 26.3 67.8
"248" 23 3 "LeafLigules" 13 1.7 20.9 85.9
"249" 23 3 "StemDM" 5 831.2 14.7 89.4
"250" 23 3 "stage_code" 15 0.6 12.3 85.2
"251" 23 3 "GrainDM" 5 2125.8 39.4 71.3
"252" 23 4 "LightInt" 16 0.2 42.4 36.5
"253" 23 4 "AboveDM" 5 732.6 9.7 96
"254" 23 4 "LAI" 5 0.8 49.4 43.8
"255" 23 4 "LeafDM" 5 464.4 53 41.3
"256" 23 4 "LeafLigules" 13 1.9 23.4 83.9
"257" 23 4 "StemDM" 5 2262.3 91.3 35.9
"258" 23 4 "stage_code" 15 0.6 12.2 85.7
"259" 23 4 "GrainDM" 5 2153 90.5 31.2
"260" 23 5 "LightInt" 16 0.1 12.7 92.3
"261" 23 5 "AboveDM" 5 2205.6 12.2 89.5
"262" 23 5 "LAI" 5 0.8 21.1 73.2
"263" 23 5 "LeafDM" 5 781 33.6 61.9
"264" 23 5 "LeafLigules" 13 1.7 20.9 85.9
"265" 23 5 "StemDM" 5 1042.8 16 88.8
"266" 23 5 "stage_code" 15 0.6 12.3 85.6
"267" 23 5 "GrainDM" 5 1282.3 20.6 89.4
"268" 23 6 "LightInt" 16 0.2 40.5 38.7
"269" 23 6 "AboveDM" 5 803.5 9.9 91.5
"270" 23 6 "LAI" 5 1 54.3 36.2
"271" 23 6 "LeafDM" 5 584.3 58.3 36
"272" 23 6 "LeafLigules" 13 1.8 22.1 84.4
"273" 23 6 "StemDM" 5 2296 87.6 30.2
"274" 23 6 "stage_code" 15 0.6 12.2 86
"275" 23 6 "GrainDM" 5 2586.7 96.1 28.6
"276" 24 1 "AboveDM" 4 4036.7 27.1 74.6
"277" 24 1 "LAI" 4 0.6 17.2 93.8
"278" 24 1 "GrainDM" 1 7242.8 64.2 NA
"279" 24 2 "AboveDM" 4 4255.8 24.7 76.9
"280" 24 2 "LAI" 4 1 24.1 83.9
"281" 24 2 "GrainDM" 1 4551.7 39.5 NA
"282" 24 3 "AboveDM" 4 3095.9 17.4 83.4
"283" 24 3 "LAI" 4 1.2 27 80.2
"284" 24 3 "GrainDM" 1 4633.3 33.5 NA
"285" 24 4 "AboveDM" 4 3031.3 16.3 84.5
"286" 24 4 "LAI" 4 1.2 27.6 84.2
"287" 24 4 "GrainDM" 1 1838.7 14.8 NA
"288" 24 5 "AboveDM" 4 2855.9 15.4 84
"289" 24 5 "LAI" 4 1.3 29.2 79.8
"290" 24 5 "GrainDM" 1 586.7 5.9 NA
"291" 3 1 "LightInt" 7 0.1 16.8 85.9
"292" 3 1 "AboveDM" 2 845.7 8.7 91.9
"293" 3 1 "LeafDM" 2 1169.2 36.2 66.4
"294" 3 1 "LeafLigules" 8 1.7 29.8 80.3
"295" 3 1 "StemDM" 2 404.6 7.1 96
"296" 3 1 "stage_code" 5 0.7 11.1 84.7
"297" 3 2 "LightInt" 7 0.3 41.6 57
"298" 3 2 "AboveDM" 4 8095.3 36.5 66
"299" 3 2 "LeafDM" 4 1828.1 49.6 36
"300" 3 2 "LeafLigules" 6 1.8 22.2 81.7
"301" 3 2 "StemDM" 4 1359.3 18.4 75.3
"302" 3 2 "stage_code" 5 1.8 26.6 NA
"303" 3 2 "GrainDM" 2 6090.6 39.1 61
"304" 3 3 "LightInt" 7 0.1 16.9 89.1
"305" 3 3 "AboveDM" 3 2434.5 16 87.3
"306" 3 3 "LeafDM" 3 1243.8 38.9 53.4
"307" 3 3 "LeafLigules" 8 1.5 24.1 85.7
"308" 3 3 "StemDM" 3 1197.2 20.8 85.8
"309" 3 3 "stage_code" 5 0.6 9 78
"310" 3 3 "GrainDM" 1 2085.5 15.3 NA
"311" 3 4 "LightInt" 7 0.2 28.6 72.7
"312" 3 4 "AboveDM" 3 5178.5 28.6 73.3
"313" 3 4 "LeafDM" 3 1014.4 33.4 58.7
"314" 3 4 "LeafLigules" 6 1.8 21.9 80.9
"315" 3 4 "StemDM" 3 1783.5 25.2 77.5
"316" 3 4 "stage_code" 5 1.6 23.5 13.6
"317" 3 4 "GrainDM" 1 5637.5 36.9 NA
"318" 6 1 "LightInt" 5 0.2 27.9 69.7
"319" 6 1 "AboveDM" 3 3674.9 35.1 87.7
"320" 6 1 "LAI" 1 0.7 19.5 NA
"321" 6 1 "LeafDM" 1 363.5 17 NA
"322" 6 1 "LeafLigules" 8 3 41.1 66.3
"323" 6 1 "StemDM" 1 867.5 15.4 NA
"324" 6 1 "stage_code" 11 0.6 12.3 89.7
"325" 6 1 "GrainDM" 1 147.6 1.2 NA
"326" 6 2 "LightInt" 5 0.2 27 83.3
"327" 6 2 "AboveDM" 3 2070 18.1 96.7
"328" 6 2 "LAI" 1 0.6 11.5 NA
"329" 6 2 "LeafDM" 1 722.8 27.9 NA
"330" 6 2 "LeafLigules" 8 2.2 27.2 76.4
"331" 6 2 "StemDM" 1 95.6 1.4 NA
"332" 6 2 "stage_code" 11 0.4 8.5 92.1
"333" 6 2 "GrainDM" 1 3.9 0 NA
"334" 6 3 "LightInt" 5 0.2 27.9 85.7
"335" 6 3 "AboveDM" 3 2424.6 22.2 95
"336" 6 3 "LAI" 1 0.4 9.3 NA
"337" 6 3 "LeafDM" 1 565.3 23.4 NA
"338" 6 3 "LeafLigules" 8 2.5 33.1 74.1
"339" 6 3 "StemDM" 1 273.1 4.2 NA
"340" 6 3 "stage_code" 11 0.4 8.2 95.2
"341" 6 3 "GrainDM" 1 667.6 6 NA
