!Title = 23-2012-LINC-MAIZ-RAIN                  
NitrogenTreat WaterTreat Date SoilMoisture(0-20) SoilMoisture(0-20)error SoilMoisture(20-40) SoilMoisture(20-40)error SoilMoisture(40-60) SoilMoisture(40-60)error SoilMoisture(60-80) SoilMoisture(60-80)error SoilMoisture(80-100) SoilMoisture(80-100)error SoilMoisture(100-120) SoilMoisture(100-120)error SoilMoisture(120-140) SoilMoisture(120-140)error SoilMoisture(140-160) SoilMoisture(140-160)error
() () () () (stdev) () (stdev) () (stdev) () (stdev) () (stdev) () (stdev) () (stdev) () (stdev)
Nil Dry 8/11/2012 0.21 0.01 * * * * * * * * * * * * * *
Nil Dry 22/11/2012 0.17 0.02 0.23 0.02 0.20 0.03 0.20 0.06 0.22 0.04 0.24 0.00 0.22 0.04 0.23 0.05
Nil Dry 29/11/2012 0.20 0.01 0.24 0.02 0.20 0.03 0.20 0.06 0.23 0.04 0.24 0.01 0.22 0.05 0.23 0.05
Nil Dry 6/12/2012 0.21 0.01 0.25 0.02 0.21 0.03 0.20 0.05 0.23 0.04 0.24 0.00 0.22 0.05 0.23 0.05
Nil Dry 13/12/2012 0.18 0.01 0.24 0.02 0.21 0.03 0.21 0.06 0.23 0.04 0.24 0.00 0.22 0.05 0.21 0.04
Nil Dry 20/12/2012 0.13 0.01 0.22 0.02 0.21 0.03 0.21 0.06 0.23 0.04 0.25 0.01 0.22 0.04 0.21 0.04
Nil Dry 27/12/2012 0.12 0.02 0.20 0.02 0.20 0.04 0.21 0.06 0.23 0.04 0.25 0.01 0.22 0.04 0.22 0.04
Nil Dry 3/01/2013 0.09 0.01 0.17 0.02 0.19 0.04 0.20 0.06 0.23 0.04 0.24 0.01 0.22 0.04 0.21 0.04
Nil Dry 10/01/2013 0.08 0.01 0.15 0.02 0.17 0.04 0.20 0.06 0.23 0.04 0.24 0.01 0.22 0.04 0.22 0.04
Nil Dry 17/01/2013 0.07 0.01 0.14 0.02 0.16 0.04 0.19 0.06 0.22 0.04 0.24 0.01 0.21 0.04 0.21 0.04
Nil Dry 24/01/2013 0.06 0.01 0.14 0.02 0.15 0.04 0.17 0.06 0.21 0.04 0.24 0.01 0.22 0.04 0.21 0.04
Nil Dry 31/01/2013 0.06 0.01 0.14 0.02 0.14 0.04 0.17 0.06 0.21 0.04 0.24 0.01 0.21 0.04 0.21 0.04
Nil Dry 7/02/2013 0.07 0.01 0.14 0.02 0.14 0.04 0.16 0.06 0.20 0.04 0.23 0.01 0.21 0.04 0.21 0.04
Nil Dry 14/02/2013 0.06 0.01 0.14 0.02 0.14 0.04 0.16 0.05 0.20 0.04 0.23 0.01 0.21 0.04 0.21 0.04
Nil Dry 21/02/2013 0.06 0.01 0.14 0.02 0.14 0.03 0.15 0.05 0.20 0.05 0.23 0.01 0.21 0.04 0.21 0.04
Nil Dry 28/02/2013 0.06 0.01 0.14 0.02 0.14 0.03 0.15 0.05 0.19 0.04 0.22 0.01 0.21 0.04 0.21 0.04
Nil Dry 7/03/2013 0.06 0.01 0.14 0.02 0.14 0.03 0.14 0.05 0.18 0.05 0.21 0.01 0.20 0.04 0.20 0.04
Nil Dry 14/03/2013 0.06 0.01 0.14 0.02 0.14 0.03 0.15 0.05 0.18 0.04 0.21 0.02 0.20 0.04 0.20 0.04
Nil Dry 21/03/2013 0.06 0.01 0.14 0.02 0.14 0.03 0.15 0.05 0.18 0.05 0.21 0.01 0.20 0.04 0.20 0.04
Nil Dry 28/03/2013 0.06 0.01 0.14 0.02 0.14 0.03 0.15 0.05 0.18 0.05 0.21 0.01 0.20 0.04 0.20 0.04
Nil Dry 4/04/2013 0.06 0.01 0.14 0.02 0.15 0.03 0.15 0.05 0.19 0.04 0.21 0.02 0.20 0.04 0.20 0.04
Nil IrrigFull 8/11/2012 0.20 0.02 * * * * * * * * * * * * * *
Nil IrrigFull 22/11/2012 0.17 0.02 0.22 0.01 0.20 0.05 0.21 0.05 0.19 0.06 0.19 0.05 0.20 0.04 0.19 0.08
Nil IrrigFull 29/11/2012 0.21 0.02 0.23 0.01 0.20 0.05 0.21 0.05 0.19 0.05 0.19 0.05 0.21 0.04 0.19 0.08
Nil IrrigFull 6/12/2012 0.25 0.01 0.27 0.02 0.25 0.04 0.23 0.04 0.19 0.05 0.19 0.05 0.21 0.04 0.19 0.07
Nil IrrigFull 13/12/2012 0.24 0.03 0.27 0.02 0.25 0.04 0.23 0.04 0.19 0.05 0.19 0.05 0.21 0.04 0.19 0.07
Nil IrrigFull 20/12/2012 0.23 0.01 0.26 0.02 0.25 0.05 0.23 0.04 0.19 0.05 0.19 0.05 0.21 0.04 0.19 0.07
Nil IrrigFull 27/12/2012 0.24 0.01 0.26 0.02 0.24 0.05 0.23 0.04 0.20 0.05 0.19 0.05 0.21 0.04 0.20 0.07
Nil IrrigFull 3/01/2013 0.21 0.01 0.23 0.02 0.23 0.05 0.23 0.04 0.19 0.05 0.19 0.05 0.21 0.04 0.20 0.07
Nil IrrigFull 10/01/2013 0.21 0.01 0.23 0.03 0.24 0.05 0.24 0.04 0.20 0.05 0.20 0.05 0.21 0.04 0.20 0.07
Nil IrrigFull 17/01/2013 0.22 0.01 0.23 0.03 0.23 0.05 0.23 0.04 0.19 0.05 0.19 0.05 0.21 0.04 0.20 0.07
Nil IrrigFull 24/01/2013 0.20 0.02 0.24 0.02 0.24 0.05 0.24 0.04 0.19 0.05 0.19 0.05 0.21 0.04 0.20 0.07
Nil IrrigFull 31/01/2013 0.24 0.01 0.25 0.02 0.25 0.05 0.24 0.04 0.19 0.05 0.19 0.05 0.21 0.04 0.20 0.07
Nil IrrigFull 7/02/2013 0.26 0.01 0.27 0.02 0.25 0.05 0.24 0.04 0.19 0.05 0.19 0.05 0.21 0.04 0.20 0.07
Nil IrrigFull 14/02/2013 0.26 0.01 0.27 0.02 0.25 0.05 0.24 0.04 0.19 0.05 0.19 0.05 0.20 0.04 0.19 0.07
Nil IrrigFull 21/02/2013 0.25 0.01 0.27 0.02 0.25 0.05 0.25 0.03 0.19 0.05 0.19 0.05 0.20 0.04 0.20 0.07
Nil IrrigFull 28/02/2013 0.26 0.01 0.28 0.02 0.26 0.05 0.25 0.04 0.19 0.05 0.19 0.05 0.20 0.04 0.20 0.07
Nil IrrigFull 7/03/2013 0.26 0.01 0.27 0.02 0.25 0.04 0.24 0.03 0.19 0.05 0.19 0.05 0.20 0.04 0.19 0.07
Nil IrrigFull 14/03/2013 0.27 0.01 0.28 0.02 0.26 0.04 0.25 0.03 0.19 0.05 0.19 0.05 0.20 0.04 0.19 0.07
Nil IrrigFull 21/03/2013 0.29 0.02 0.29 0.02 0.27 0.04 0.26 0.03 0.19 0.05 0.19 0.05 0.20 0.04 0.19 0.07
Nil IrrigFull 28/03/2013 0.27 0.02 0.28 0.02 0.26 0.04 0.26 0.03 0.19 0.05 0.19 0.05 0.20 0.04 0.19 0.07
Nil IrrigFull 4/04/2013 0.28 0.02 0.28 0.02 0.27 0.04 0.26 0.03 0.19 0.05 0.19 0.05 0.20 0.04 0.19 0.07
Med Dry 8/11/2012 0.20 0.02 * * * * * * * * * * * * * *
Med Dry 22/11/2012 0.15 0.02 0.23 0.02 0.19 0.05 0.20 0.06 0.17 0.07 0.19 0.07 0.24 0.05 0.25 0.04
Med Dry 29/11/2012 0.19 0.02 0.24 0.02 0.20 0.05 0.19 0.06 0.17 0.07 0.19 0.07 0.24 0.05 0.25 0.04
Med Dry 6/12/2012 0.20 0.01 0.25 0.03 0.20 0.04 0.20 0.06 0.17 0.07 0.19 0.07 0.24 0.05 0.25 0.03
Med Dry 13/12/2012 0.17 0.01 0.24 0.03 0.21 0.05 0.20 0.06 0.17 0.07 0.19 0.07 0.24 0.05 0.25 0.04
Med Dry 20/12/2012 0.12 0.01 0.21 0.02 0.20 0.05 0.20 0.06 0.17 0.07 0.20 0.07 0.24 0.05 0.25 0.04
Med Dry 27/12/2012 0.11 0.01 0.19 0.02 0.19 0.05 0.20 0.06 0.17 0.07 0.20 0.07 0.24 0.05 0.25 0.04
Med Dry 3/01/2013 0.08 0.01 0.15 0.02 0.17 0.05 0.19 0.06 0.17 0.07 0.19 0.07 0.24 0.06 0.25 0.04
Med Dry 10/01/2013 0.07 0.01 0.14 0.02 0.16 0.06 0.18 0.06 0.17 0.07 0.19 0.07 0.24 0.06 0.25 0.04
Med Dry 17/01/2013 0.07 0.01 0.08 0.10 0.14 0.06 0.17 0.07 0.16 0.07 0.18 0.07 0.24 0.06 0.25 0.04
Med Dry 24/01/2013 0.06 0.01 0.12 0.02 0.14 0.06 0.16 0.07 0.15 0.07 0.18 0.07 0.24 0.06 0.25 0.04
Med Dry 31/01/2013 0.06 0.01 0.12 0.02 0.13 0.05 0.15 0.07 0.14 0.08 0.18 0.08 0.24 0.06 0.25 0.04
Med Dry 7/02/2013 0.06 0.01 0.12 0.02 0.13 0.05 0.15 0.08 0.14 0.08 0.17 0.08 0.23 0.07 0.25 0.04
Med Dry 14/02/2013 0.06 0.01 0.12 0.02 0.13 0.05 0.14 0.07 0.13 0.08 0.17 0.08 0.23 0.07 0.25 0.04
Med Dry 21/02/2013 0.05 0.01 0.12 0.02 0.13 0.05 0.14 0.08 0.12 0.08 0.16 0.08 0.23 0.07 0.25 0.04
Med Dry 28/02/2013 0.05 0.01 0.12 0.02 0.13 0.05 0.13 0.07 0.12 0.08 0.16 0.08 0.22 0.07 0.25 0.04
Med Dry 7/03/2013 0.05 0.01 0.12 0.02 0.12 0.05 0.13 0.07 0.11 0.08 0.15 0.07 0.22 0.07 0.24 0.04
Med Dry 14/03/2013 0.05 0.01 0.12 0.02 0.12 0.05 0.13 0.08 0.11 0.08 0.15 0.07 0.22 0.07 0.24 0.04
Med Dry 21/03/2013 0.05 0.01 0.12 0.02 0.13 0.05 0.13 0.08 0.11 0.08 0.15 0.07 0.22 0.07 0.24 0.04
Med Dry 28/03/2013 0.05 0.01 0.12 0.02 0.13 0.05 0.13 0.08 0.11 0.08 0.15 0.07 0.21 0.07 0.24 0.04
Med Dry 4/04/2013 0.05 0.01 0.13 0.02 0.13 0.05 0.13 0.08 0.11 0.08 0.16 0.07 0.21 0.07 0.24 0.04
Med IrrigFull 8/11/2012 0.20 0.01 * * * * * * * * * * * * * *
Med IrrigFull 22/11/2012 0.13 0.09 0.22 0.01 0.21 0.04 0.20 0.06 0.20 0.05 0.20 0.03 0.17 0.07 0.19 0.07
Med IrrigFull 29/11/2012 0.20 0.02 0.23 0.02 0.22 0.05 0.20 0.05 0.20 0.05 0.20 0.03 0.17 0.07 0.19 0.07
Med IrrigFull 6/12/2012 0.24 0.02 0.27 0.02 0.25 0.05 0.21 0.06 0.21 0.04 0.20 0.03 0.17 0.07 0.19 0.06
Med IrrigFull 13/12/2012 0.24 0.02 0.27 0.02 0.25 0.05 0.22 0.06 0.22 0.04 0.21 0.03 0.17 0.07 0.19 0.06
Med IrrigFull 20/12/2012 0.22 0.02 0.26 0.03 0.25 0.05 0.22 0.06 0.22 0.04 0.21 0.03 0.17 0.07 0.19 0.06
Med IrrigFull 27/12/2012 0.23 0.02 0.26 0.03 0.25 0.05 0.22 0.06 0.22 0.04 0.21 0.03 0.17 0.07 0.19 0.06
Med IrrigFull 3/01/2013 0.19 0.02 0.23 0.03 0.24 0.05 0.22 0.06 0.22 0.04 0.21 0.03 0.17 0.07 0.19 0.06
Med IrrigFull 10/01/2013 0.18 0.02 0.22 0.03 0.24 0.05 0.21 0.06 0.22 0.05 0.21 0.03 0.17 0.07 0.19 0.06
Med IrrigFull 17/01/2013 0.19 0.02 0.21 0.04 0.23 0.05 0.20 0.06 0.21 0.04 0.20 0.03 0.17 0.07 0.19 0.06
Med IrrigFull 24/01/2013 0.19 0.02 0.22 0.03 0.23 0.06 0.20 0.06 0.21 0.05 0.20 0.03 0.16 0.07 0.19 0.06
Med IrrigFull 31/01/2013 0.20 0.02 0.22 0.03 0.23 0.06 0.20 0.06 0.20 0.05 0.20 0.04 0.16 0.08 0.19 0.06
Med IrrigFull 7/02/2013 0.22 0.02 0.22 0.04 0.23 0.05 0.20 0.06 0.20 0.05 0.20 0.03 0.16 0.08 0.19 0.06
Med IrrigFull 14/02/2013 0.22 0.02 0.23 0.04 0.23 0.06 0.20 0.06 0.20 0.05 0.19 0.03 0.16 0.08 0.19 0.06
Med IrrigFull 21/02/2013 0.21 0.02 0.23 0.04 0.23 0.06 0.20 0.06 0.19 0.05 0.19 0.04 0.16 0.08 0.18 0.06
Med IrrigFull 28/02/2013 0.23 0.02 0.24 0.03 0.23 0.06 0.20 0.06 0.19 0.06 0.19 0.04 0.16 0.08 0.18 0.06
Med IrrigFull 7/03/2013 0.23 0.02 0.23 0.03 0.23 0.06 0.19 0.06 0.19 0.06 0.19 0.03 0.15 0.08 0.18 0.06
Med IrrigFull 14/03/2013 0.24 0.02 0.25 0.03 0.24 0.05 0.20 0.06 0.19 0.05 0.19 0.04 0.15 0.08 0.18 0.06
Med IrrigFull 21/03/2013 0.27 0.02 0.27 0.03 0.24 0.06 0.20 0.06 0.19 0.06 0.19 0.04 0.15 0.08 0.18 0.06
Med IrrigFull 28/03/2013 0.24 0.02 0.26 0.03 0.24 0.05 0.20 0.05 0.19 0.05 0.19 0.03 0.15 0.08 0.18 0.06
Med IrrigFull 4/04/2013 0.24 0.02 0.26 0.03 0.25 0.05 0.21 0.05 0.20 0.06 0.19 0.03 0.15 0.08 0.18 0.06
VLow Dry 8/11/2012 0.21 0.02 * * * * * * * * * * * * * *
VLow Dry 22/11/2012 0.17 0.02 0.23 0.03 0.19 0.06 0.20 0.06 0.24 0.06 0.21 0.05 0.23 0.07 0.26 0.08
VLow Dry 29/11/2012 0.21 0.00 0.25 0.02 0.19 0.06 0.20 0.06 0.24 0.06 0.21 0.05 0.23 0.07 0.22 0.09
VLow Dry 6/12/2012 0.21 0.00 0.26 0.03 0.20 0.05 0.21 0.06 0.24 0.06 0.21 0.05 0.23 0.07 0.22 0.09
VLow Dry 13/12/2012 0.18 0.00 0.24 0.02 0.20 0.05 0.21 0.06 0.24 0.06 0.21 0.05 0.23 0.07 0.23 0.09
VLow Dry 20/12/2012 0.13 0.01 0.22 0.02 0.19 0.05 0.21 0.06 0.24 0.06 0.21 0.05 0.23 0.07 0.23 0.09
VLow Dry 27/12/2012 0.11 0.01 0.20 0.02 0.18 0.05 0.20 0.06 0.24 0.06 0.21 0.04 0.23 0.08 0.23 0.09
VLow Dry 3/01/2013 0.09 0.01 0.17 0.02 0.16 0.05 0.20 0.06 0.24 0.06 0.21 0.05 0.23 0.07 0.22 0.09
VLow Dry 10/01/2013 0.07 0.01 0.15 0.01 0.14 0.04 0.19 0.06 0.24 0.06 0.21 0.05 0.23 0.07 0.22 0.09
VLow Dry 17/01/2013 0.06 0.01 0.14 0.02 0.12 0.04 0.18 0.06 0.23 0.06 0.20 0.05 0.22 0.08 0.22 0.09
VLow Dry 24/01/2013 0.06 0.01 0.14 0.02 0.12 0.04 0.17 0.06 0.23 0.06 0.19 0.04 0.22 0.08 0.22 0.09
VLow Dry 31/01/2013 0.05 0.01 0.13 0.02 0.11 0.04 0.16 0.06 0.22 0.07 0.19 0.05 0.22 0.08 0.22 0.09
VLow Dry 7/02/2013 0.06 0.01 0.13 0.02 0.11 0.03 0.16 0.06 0.22 0.07 0.19 0.05 0.21 0.08 0.22 0.09
VLow Dry 14/02/2013 0.06 0.01 0.13 0.02 0.11 0.03 0.15 0.07 0.21 0.07 0.18 0.05 0.21 0.08 0.22 0.09
VLow Dry 21/02/2013 0.05 0.01 0.13 0.02 0.11 0.03 0.15 0.06 0.21 0.07 0.18 0.05 0.21 0.08 0.22 0.10
VLow Dry 28/02/2013 0.05 0.01 0.13 0.02 0.11 0.03 0.15 0.06 0.20 0.07 0.17 0.05 0.21 0.08 0.22 0.09
VLow Dry 7/03/2013 0.05 0.01 0.13 0.02 0.10 0.03 0.14 0.06 0.20 0.07 0.17 0.05 0.20 0.08 0.21 0.09
VLow Dry 14/03/2013 0.05 0.01 0.13 0.02 0.11 0.03 0.15 0.06 0.20 0.07 0.17 0.05 0.20 0.08 0.21 0.09
VLow Dry 21/03/2013 0.05 0.01 0.13 0.02 0.11 0.03 0.15 0.07 0.20 0.07 0.17 0.05 0.20 0.08 0.21 0.10
VLow Dry 28/03/2013 0.05 0.01 0.13 0.02 0.11 0.03 0.15 0.06 0.20 0.07 0.17 0.05 0.20 0.08 0.21 0.10
VLow Dry 4/04/2013 0.05 0.01 0.14 0.02 0.11 0.03 0.15 0.07 0.20 0.07 0.17 0.05 0.20 0.08 0.21 0.09
VLow IrrigFull 8/11/2012 0.21 0.01 * * * * * * * * * * * * * *
VLow IrrigFull 22/11/2012 0.18 0.02 0.22 0.05 0.21 0.05 0.22 0.07 0.22 0.02 0.20 0.06 0.19 0.07 0.18 0.05
VLow IrrigFull 29/11/2012 0.22 0.02 0.23 0.05 0.21 0.04 0.22 0.07 0.22 0.01 0.21 0.07 0.18 0.07 0.18 0.06
VLow IrrigFull 6/12/2012 0.25 0.01 0.26 0.03 0.25 0.03 0.25 0.06 0.24 0.01 0.21 0.06 0.19 0.07 0.18 0.05
VLow IrrigFull 13/12/2012 0.25 0.01 0.26 0.03 0.25 0.03 0.25 0.06 0.24 0.01 0.21 0.06 0.19 0.07 0.18 0.05
VLow IrrigFull 20/12/2012 0.22 0.02 0.25 0.03 0.25 0.03 0.25 0.06 0.25 0.01 0.21 0.06 0.19 0.06 0.18 0.06
VLow IrrigFull 27/12/2012 0.24 0.01 0.25 0.03 0.25 0.03 0.25 0.06 0.24 0.01 0.22 0.06 0.19 0.06 0.18 0.05
VLow IrrigFull 3/01/2013 0.20 0.01 0.22 0.04 0.23 0.04 0.24 0.07 0.24 0.01 0.21 0.07 0.19 0.07 0.18 0.06
VLow IrrigFull 10/01/2013 0.18 0.03 0.22 0.04 0.23 0.04 0.24 0.07 0.24 0.01 0.21 0.06 0.19 0.07 0.18 0.05
VLow IrrigFull 17/01/2013 0.21 0.01 0.21 0.04 0.22 0.04 0.23 0.07 0.23 0.01 0.21 0.06 0.18 0.07 0.18 0.06
VLow IrrigFull 24/01/2013 0.20 0.01 0.22 0.03 0.23 0.04 0.24 0.07 0.23 0.01 0.21 0.06 0.18 0.06 0.17 0.06
VLow IrrigFull 31/01/2013 0.22 0.01 0.23 0.03 0.23 0.04 0.23 0.07 0.23 0.02 0.21 0.06 0.18 0.06 0.17 0.06
VLow IrrigFull 7/02/2013 0.24 0.01 0.24 0.03 0.23 0.04 0.23 0.07 0.23 0.02 0.21 0.06 0.18 0.07 0.17 0.06
VLow IrrigFull 14/02/2013 0.24 0.01 0.24 0.03 0.24 0.04 0.23 0.08 0.23 0.01 0.20 0.06 0.18 0.06 0.17 0.06
VLow IrrigFull 21/02/2013 0.24 0.01 0.24 0.03 0.24 0.04 0.23 0.07 0.23 0.02 0.20 0.06 0.18 0.07 0.17 0.06
VLow IrrigFull 28/02/2013 0.25 0.01 0.25 0.03 0.24 0.04 0.23 0.07 0.23 0.02 0.20 0.07 0.18 0.06 0.17 0.06
VLow IrrigFull 7/03/2013 0.25 0.01 0.25 0.03 0.24 0.04 0.23 0.07 0.22 0.02 0.19 0.06 0.17 0.07 0.16 0.06
VLow IrrigFull 14/03/2013 0.26 0.01 0.26 0.02 0.25 0.04 0.24 0.07 0.23 0.02 0.20 0.06 0.17 0.06 0.16 0.06
VLow IrrigFull 21/03/2013 0.29 0.01 0.27 0.03 0.26 0.04 0.24 0.06 0.23 0.02 0.20 0.06 0.17 0.07 0.16 0.06
VLow IrrigFull 28/03/2013 0.26 0.01 0.26 0.03 0.25 0.03 0.24 0.06 0.23 0.02 0.19 0.06 0.17 0.07 0.16 0.06
VLow IrrigFull 4/04/2013 0.27 0.01 0.26 0.03 0.26 0.03 0.24 0.06 0.23 0.02 0.19 0.07 0.17 0.07 0.16 0.06
